DE Dim = 10 && maxFes = 20'000
Sphere
0.36852410500487903
0.0
0.0
0.0
0.0
0.0
0.0
0.0
0.0
0.0
0.0
0.0
0.0
0.0
0.0
0.0
0.0
0.0
0.0
0.0
0.0
0.0
0.0
0.0
0.0
0.0
0.0
0.0
0.0
0.0
0.0
0.0
0.0
0.0
0.0
0.0
0.0
0.0
0.0
0.0
0.0
0.0
0.0
0.0
0.0
0.0
0.0
0.0
0.0
0.0
Sphere min: 0.0 avg: 0.007370482100097581  std: 0.05159337470068305
Ackley
0.0
0.0
0.0
0.0
0.0
0.0
0.0
0.0
0.0
0.0
0.0
0.0
0.0
0.0
0.0
0.0
0.0
0.0
0.0
0.0
0.0
0.0
0.0
0.0
0.0
0.0
0.0
0.0
0.0
0.0
0.0
0.0
0.0
0.0
0.0
0.0
0.0
0.0
0.0
0.0
0.0
0.0
0.0
0.0
0.0
0.0
0.0
0.0
0.0
0.0
Ackley min: 0.0 avg: 0.0  std: 0.0
Schwefel26
-357.567117991317
-357.567117991317
-357.567117991317
-357.567117991317
-357.567117991317
-357.567117991317
-357.567117991317
-357.567117991317
-357.567117991317
-357.567117991317
-357.567117991317
-357.567117991317
-357.567117991317
-357.567117991317
-357.567117991317
-357.567117991317
-357.567117991317
-357.567117991317
-357.567117991317
-357.567117991317
-357.567117991317
-357.567117991317
-357.567117991317
-357.567117991317
-357.567117991317
-357.567117991317
-357.567117991317
-357.567117991317
-357.567117991317
-357.567117991317
-357.567117991317
-357.567117991317
-357.567117991317
-357.567117991317
-357.567117991317
-357.567117991317
-357.567117991317
-357.567117991317
-357.567117991317
-357.567117991317
-357.567117991317
-357.567117991317
-357.567117991317
-357.567117991317
-357.567117991317
-357.567117991317
-357.567117991317
-357.567117991317
-357.567117991317
-357.567117991317
Schwefel26 min: -357.567117991317 avg: -357.56711799131705  std: 5.684341886080802E-14
Rosenbrock
0.0
0.0
0.0
0.0
0.0
0.0
0.0
0.0
0.0
0.0
0.0
0.0
0.0
0.0
0.0
0.0
0.0
0.0
0.0
0.0
0.0
0.0
0.0
0.0
0.0
0.0
0.0
0.0
0.0
0.0
0.0
0.0
0.0
0.0
0.0
0.0
0.0
0.0
0.0
0.0
0.0
0.0
0.0
0.0
0.0
0.0
0.0
0.0
0.0
0.0
Rosenbrock min: 0.0 avg: 0.0  std: 0.0
Bukin
0.0
0.0
0.0
0.0
0.0
0.0
0.0
0.0
0.0
0.0
0.0
0.0
0.0
0.0
0.0
0.0
0.0
0.0
0.0
0.0
0.0
0.0
0.0
0.0
0.0
0.0
0.0
0.0
0.0
0.0
0.0
0.0
0.0
0.0
0.0
0.0
0.0
0.0
0.0
0.0
0.0
0.0
0.0
0.0
0.0
0.0
0.0
0.0
0.0
0.0
Bukin min: 0.0 avg: 0.0  std: 0.0
CarromTable
-1.8800147020196148E16
-1.8800147020196148E16
-1.8800147020196148E16
-1.8800147020196148E16
-1.8800147020196148E16
-1.8800147020196148E16
-1.8800147020196148E16
-1.8800147020196148E16
-1.8800147020196148E16
-1.8800147020196148E16
-1.8800147020196148E16
-1.8800147020196148E16
-1.8800147020196148E16
-1.8800147020196148E16
-1.8800147020196148E16
-1.8800147020196148E16
-1.8800147020196148E16
-1.8800147020196148E16
-1.8800147020196148E16
-1.8800147020196148E16
-1.8800147020196148E16
-1.8800147020196148E16
-1.8800147020196148E16
-1.8800147020196148E16
-1.8800147020196148E16
-1.8800147020196148E16
-1.8800147020196148E16
-1.8800147020196148E16
-1.8800147020196148E16
-1.8800147020196148E16
-1.8800147020196148E16
-1.8800147020196148E16
-1.8800147020196148E16
-1.8800147020196148E16
-1.8800147020196148E16
-1.8800147020196148E16
-1.8800147020196148E16
-1.8800147020196148E16
-1.8800147020196148E16
-1.8800147020196148E16
-1.8800147020196148E16
-1.8800147020196148E16
-1.8800147020196148E16
-1.8800147020196148E16
-1.8800147020196148E16
-1.8800147020196148E16
-1.8800147020196148E16
-1.8800147020196148E16
-1.8800147020196148E16
-1.8800147020196148E16
CarromTable min: -1.8800147020196148E16 avg: -1.8800147020196132E16  std: 16.0
Easom
-4.1153683462994835E-17
-4.1153683462994835E-17
-4.1153683462994835E-17
-4.1153683462994835E-17
-4.1153683462994835E-17
-4.1153683462994835E-17
-4.1153683462994835E-17
-4.1153683462994835E-17
-4.1153683462994835E-17
-4.1153683462994835E-17
-4.1153683462994835E-17
-4.1153683462994835E-17
-4.1153683462994835E-17
-4.1153683462994835E-17
-4.1153683462994835E-17
-4.1153683462994835E-17
-4.1153683462994835E-17
-4.1153683462994835E-17
-4.1153683462994835E-17
-4.1153683462994835E-17
-4.1153683462994835E-17
-4.1153683462994835E-17
-4.1153683462994835E-17
-4.1153683462994835E-17
-4.1153683462994835E-17
-4.1153683462994835E-17
-4.1153683462994835E-17
-4.1153683462994835E-17
-4.1153683462994835E-17
-4.1153683462994835E-17
-4.1153683462994835E-17
-4.1153683462994835E-17
-4.1153683462994835E-17
-4.1153683462994835E-17
-4.1153683462994835E-17
-4.1153683462994835E-17
-4.1153683462994835E-17
-4.1153683462994835E-17
-4.1153683462994835E-17
-4.1153683462994835E-17
-4.1153683462994835E-17
-4.1153683462994835E-17
-4.1153683462994835E-17
-4.1153683462994835E-17
-4.1153683462994835E-17
-4.1153683462994835E-17
-4.1153683462994835E-17
-4.1153683462994835E-17
-4.1153683462994835E-17
-4.1153683462994835E-17
Easom min: -4.1153683462994835E-17 avg: -4.115368346299486E-17  std: 2.465190328815662E-32
Trid
-208.67004853490653
-208.67017543313796
-208.67020380786653
-208.6702095360679
-208.67020963733012
-208.67021276044852
-208.67021345767807
-208.67021359540013
-208.67021508712514
-208.67021508730886
-208.67021520185153
-208.67021520185153
-208.67021567265238
-208.67021567265238
-208.6702156747133
-208.67021668549387
-208.6702167071444
-208.6702167071444
-208.6702167071444
-208.6702174312195
-208.6702174312195
-208.67021812208986
-208.6702197508048
-208.6702197508048
-208.6702197508048
-208.6702197508048
-208.6702197508048
-208.6702197508048
-208.6702198195435
-208.6702198195435
-208.6702198195435
-208.67021982173446
-208.67021982173446
-208.67021982667393
-208.67021982667393
-208.67021982667393
-208.67021982667393
-208.67021982667393
-208.67021982667393
-208.67021982667393
-208.67021982667393
-208.67021982667393
-208.67021982667393
-208.67021982667393
-208.67021982667393
-208.67021982667393
-208.67021982667393
-208.67021982667393
-208.67021982667393
-208.67021982667393
Trid min: -208.67021982667393 avg: -208.67021337625664  std: 2.4502995308786605E-5
DE Dim = 20 && maxFes = 50'000
Ackley
1.5412637843628016
0.0
0.0
0.0
0.0
0.0
0.0
0.0
0.0
0.0
0.0
0.0
0.0
0.0
0.0
0.0
0.0
0.0
0.0
0.0
0.0
0.0
0.0
0.0
0.0
0.0
0.0
0.0
0.0
0.0
0.0
0.0
0.0
0.0
0.0
0.0
0.0
0.0
0.0
0.0
0.0
0.0
0.0
0.0
0.0
0.0
0.0
0.0
0.0
0.0
Ackley min: 0.0 avg: 0.030825275687256033  std: 0.21577692981079238
Bukin
0.0
0.0
0.0
0.0
0.0
0.0
0.0
0.0
0.0
0.0
0.0
0.0
0.0
0.0
0.0
0.0
0.0
0.0
0.0
0.0
0.0
0.0
0.0
0.0
0.0
0.0
0.0
0.0
0.0
0.0
0.0
0.0
0.0
0.0
0.0
0.0
0.0
0.0
0.0
0.0
0.0
0.0
0.0
0.0
0.0
0.0
0.0
0.0
0.0
0.0
Bukin min: 0.0 avg: 0.0  std: 0.0
CarromTable
-747.0250536495914
-747.0250536495914
-747.0250536495914
-747.0250536495914
-747.0250536495914
-747.0250536495914
-747.0250536495914
-747.0250536495914
-747.0250536495914
-747.0250536495914
-747.0250536495914
-747.0250536495914
-747.0250536495914
-747.0250536495914
-747.0250536495914
-747.0250536495914
-747.0250536495914
-747.0250536495914
-747.0250536495914
-747.0250536495914
-747.0250536495914
-747.0250536495914
-747.0250536495914
-747.0250536495914
-747.0250536495914
-747.0250536495914
-747.0250536495914
-747.0250536495914
-747.0250536495914
-747.0250536495914
-747.0250536495914
-747.0250536495914
-747.0250536495914
-747.0250536495914
-747.0250536495914
-747.0250536495914
-747.0250536495914
-747.0250536495914
-747.0250536495914
-747.0250536495914
-747.0250536495914
-747.0250536495914
-747.0250536495914
-747.0250536495914
-747.0250536495914
-747.0250536495914
-747.0250536495914
-747.0250536495914
-747.0250536495914
-747.0250536495914
CarromTable min: -747.0250536495914 avg: -747.025053649591  std: 4.547473508864641E-13
Easom
-4.6580240513176576E-7
-4.6580240513176576E-7
-4.6580240513176576E-7
-4.6580240513176576E-7
-4.6580240513176576E-7
-4.6580240513176576E-7
-4.6580240513176576E-7
-4.6580240513176576E-7
-4.6580240513176576E-7
-4.6580240513176576E-7
-4.6580240513176576E-7
-4.6580240513176576E-7
-4.6580240513176576E-7
-4.6580240513176576E-7
-4.6580240513176576E-7
-4.6580240513176576E-7
-4.6580240513176576E-7
-4.6580240513176576E-7
-4.6580240513176576E-7
-4.6580240513176576E-7
-4.6580240513176576E-7
-4.6580240513176576E-7
-4.6580240513176576E-7
-4.6580240513176576E-7
-4.6580240513176576E-7
-4.6580240513176576E-7
-4.6580240513176576E-7
-4.6580240513176576E-7
-4.6580240513176576E-7
-4.6580240513176576E-7
-4.6580240513176576E-7
-4.6580240513176576E-7
-4.6580240513176576E-7
-4.6580240513176576E-7
-4.6580240513176576E-7
-4.6580240513176576E-7
-4.6580240513176576E-7
-4.6580240513176576E-7
-4.6580240513176576E-7
-4.6580240513176576E-7
-4.6580240513176576E-7
-4.6580240513176576E-7
-4.6580240513176576E-7
-4.6580240513176576E-7
-4.6580240513176576E-7
-4.6580240513176576E-7
-4.6580240513176576E-7
-4.6580240513176576E-7
-4.6580240513176576E-7
-4.6580240513176576E-7
Easom min: -4.6580240513176576E-7 avg: -4.658024051317661E-7  std: 3.1763735522036263E-22
Rosenbrock
0.0
0.0
0.0
0.0
0.0
0.0
0.0
0.0
0.0
0.0
0.0
0.0
0.0
0.0
0.0
0.0
0.0
0.0
0.0
0.0
0.0
0.0
0.0
0.0
0.0
0.0
0.0
0.0
0.0
0.0
0.0
0.0
0.0
0.0
0.0
0.0
0.0
0.0
0.0
0.0
0.0
0.0
0.0
0.0
0.0
0.0
0.0
0.0
0.0
0.0
Rosenbrock min: 0.0 avg: 0.0  std: 0.0
Schwefel26
-875.0978657145948
-875.0978657145948
-875.0978657145948
-875.0978657145948
-875.0978657145948
-875.0978657145948
-875.0978657145948
-875.0978657145948
-875.0978657145948
-875.0978657145948
-875.0978657145948
-875.0978657145948
-875.0978657145948
-875.0978657145948
-875.0978657145948
-875.0978657145948
-875.0978657145948
-875.0978657145948
-875.0978657145948
-875.0978657145948
-875.0978657145948
-875.0978657145948
-875.0978657145948
-875.0978657145948
-875.0978657145948
-875.0978657145948
-875.0978657145948
-875.0978657145948
-875.0978657145948
-875.0978657145948
-875.0978657145948
-875.0978657145948
-875.0978657145948
-875.0978657145948
-875.0978657145948
-875.0978657145948
-875.0978657145948
-875.0978657145948
-875.0978657145948
-875.0978657145948
-875.0978657145948
-875.0978657145948
-875.0978657145948
-875.0978657145948
-875.0978657145948
-875.0978657145948
-875.0978657145948
-875.0978657145948
-875.0978657145948
-875.0978657145948
Schwefel26 min: -875.0978657145948 avg: -875.097865714595  std: 1.1368683772161603E-13
Sphere
0.0
0.0
0.0
0.0
0.0
0.0
0.0
0.0
0.0
0.0
0.0
0.0
0.0
0.0
0.0
0.0
0.0
0.0
0.0
0.0
0.0
0.0
0.0
0.0
0.0
0.0
0.0
0.0
0.0
0.0
0.0
0.0
0.0
0.0
0.0
0.0
0.0
0.0
0.0
0.0
0.0
0.0
0.0
0.0
0.0
0.0
0.0
0.0
0.0
0.0
Sphere min: 0.0 avg: 0.0  std: 0.0
Trid
-1467.4645794575918
-1467.4690813518537
-1467.474346774863
-1467.4745873087086
-1467.4890764604497
-1467.4895639976457
-1467.4897861770296
-1467.4902119264152
-1467.4902661137894
-1467.4907478184177
-1467.491515059155
-1467.4916767928516
-1467.4916823309031
-1467.49168947438
-1467.4916948371683
-1467.4916995366657
-1467.4917097204307
-1467.491721126411
-1467.4978550990054
-1467.497883962773
-1467.4978908493213
-1467.4978929442586
-1467.4978941204026
-1467.4978941711888
-1467.4978942131565
-1467.4978942596208
-1467.4978942597081
-1467.4978942597954
-1467.4978942598245
-1467.497894259839
-1467.497894259839
-1467.497894259839
-1467.497894259839
-1467.497894259839
-1467.497894259839
-1467.497894259839
-1467.497894259839
-1467.497894259839
-1467.497894259839
-1467.497894259839
-1467.497894259839
-1467.497894259839
-1467.497894259839
-1467.497894259839
-1467.497894259839
-1467.497894259839
-1467.497894259839
-1467.497894259839
-1467.497894259839
-1467.497894259839
Trid min: -1467.497894259839 avg: -1467.4937639624081  std: 0.007583613849875721
DE Dim = 30 && maxFes = 100'000
Ackley
0.2820446191855521
0.0
0.0
0.0
0.0
0.0
0.0
0.0
0.0
0.0
0.0
0.0
0.0
0.0
0.0
0.0
0.0
0.0
0.0
0.0
0.0
0.0
0.0
0.0
0.0
0.0
0.0
0.0
0.0
0.0
0.0
0.0
0.0
0.0
0.0
0.0
0.0
0.0
0.0
0.0
0.0
0.0
0.0
0.0
0.0
0.0
0.0
0.0
0.0
0.0
Ackley min: 0.0 avg: 0.005640892383711043  std: 0.03948624668597726
Bukin
0.0
0.0
0.0
0.0
0.0
0.0
0.0
0.0
0.0
0.0
0.0
0.0
0.0
0.0
0.0
0.0
0.0
0.0
0.0
0.0
0.0
0.0
0.0
0.0
0.0
0.0
0.0
0.0
0.0
0.0
0.0
0.0
0.0
0.0
0.0
0.0
0.0
0.0
0.0
0.0
0.0
0.0
0.0
0.0
0.0
0.0
0.0
0.0
0.0
0.0
Bukin min: 0.0 avg: 0.0  std: 0.0
CarromTable
-29175.08541791905
-29175.08541791905
-29175.08541791905
-29175.08541791905
-29175.08541791905
-29175.08541791905
-29175.08541791905
-29175.08541791905
-29175.08541791905
-29175.08541791905
-29175.08541791905
-29175.08541791905
-29175.08541791905
-29175.08541791905
-29175.08541791905
-29175.08541791905
-29175.08541791905
-29175.08541791905
-29175.08541791905
-29175.08541791905
-29175.08541791905
-29175.08541791905
-29175.08541791905
-29175.08541791905
-29175.08541791905
-29175.08541791905
-29175.08541791905
-29175.08541791905
-29175.08541791905
-29175.08541791905
-29175.08541791905
-29175.08541791905
-29175.08541791905
-29175.08541791905
-29175.08541791905
-29175.08541791905
-29175.08541791905
-29175.08541791905
-29175.08541791905
-29175.08541791905
-29175.08541791905
-29175.08541791905
-29175.08541791905
-29175.08541791905
-29175.08541791905
-29175.08541791905
-29175.08541791905
-29175.08541791905
-29175.08541791905
-29175.08541791905
CarromTable min: -29175.08541791905 avg: -29175.085417919076  std: 2.546585164964199E-11
Easom
-4.6580241634833386E-7
-4.6580241634833386E-7
-4.6580241634833386E-7
-4.6580241634833386E-7
-4.6580241634833386E-7
-4.6580241634833386E-7
-4.6580241634833386E-7
-4.6580241634833386E-7
-4.6580241634833386E-7
-4.6580241634833386E-7
-4.6580241634833386E-7
-4.6580241634833386E-7
-4.6580241634833386E-7
-4.6580241634833386E-7
-4.6580241634833386E-7
-4.6580241634833386E-7
-4.6580241634833386E-7
-4.6580241634833386E-7
-4.6580241634833386E-7
-4.6580241634833386E-7
-4.6580241634833386E-7
-4.6580241634833386E-7
-4.6580241634833386E-7
-4.6580241634833386E-7
-4.6580241634833386E-7
-4.6580241634833386E-7
-4.6580241634833386E-7
-4.6580241634833386E-7
-4.6580241634833386E-7
-4.6580241634833386E-7
-4.6580241634833386E-7
-4.6580241634833386E-7
-4.6580241634833386E-7
-4.6580241634833386E-7
-4.6580241634833386E-7
-4.6580241634833386E-7
-4.6580241634833386E-7
-4.6580241634833386E-7
-4.6580241634833386E-7
-4.6580241634833386E-7
-4.6580241634833386E-7
-4.6580241634833386E-7
-4.6580241634833386E-7
-4.6580241634833386E-7
-4.6580241634833386E-7
-4.6580241634833386E-7
-4.6580241634833386E-7
-4.6580241634833386E-7
-4.6580241634833386E-7
-4.6580241634833386E-7
Easom min: -4.6580241634833386E-7 avg: -4.6580241634833333E-7  std: 5.293955920339377E-22
Rosenbrock
0.0
0.0
0.0
0.0
0.0
0.0
0.0
0.0
0.0
0.0
0.0
0.0
0.0
0.0
0.0
0.0
0.0
0.0
0.0
0.0
0.0
0.0
0.0
0.0
0.0
0.0
0.0
0.0
0.0
0.0
0.0
0.0
0.0
0.0
0.0
0.0
0.0
0.0
0.0
0.0
0.0
0.0
0.0
0.0
0.0
0.0
0.0
0.0
0.0
0.0
Rosenbrock min: 0.0 avg: 0.0  std: 0.0
Schwefel26
-600.5847482977242
-600.5847482977242
-600.5847482977242
-600.5847482977242
-600.5847482977242
-600.5847482977242
-600.5847482977242
-600.5847482977242
-600.5847482977242
-600.5847482977242
-600.5847482977242
-600.5847482977242
-600.5847482977242
-600.5847482977242
-600.5847482977242
-600.5847482977242
-600.5847482977242
-600.5847482977242
-600.5847482977242
-600.5847482977242
-600.5847482977242
-600.5847482977242
-600.5847482977242
-600.5847482977242
-600.5847482977242
-600.5847482977242
-600.5847482977242
-600.5847482977242
-600.5847482977242
-600.5847482977242
-600.5847482977242
-600.5847482977242
-600.5847482977242
-600.5847482977242
-600.5847482977242
-600.5847482977242
-600.5847482977242
-600.5847482977242
-600.5847482977242
-600.5847482977242
-600.5847482977242
-600.5847482977242
-600.5847482977242
-600.5847482977242
-600.5847482977242
-600.5847482977242
-600.5847482977242
-600.5847482977242
-600.5847482977242
-600.5847482977242
Schwefel26 min: -600.5847482977242 avg: -600.584748297725  std: 7.958078640513122E-13
Sphere
0.0
0.0
0.0
0.0
0.0
0.0
0.0
0.0
0.0
0.0
0.0
0.0
0.0
0.0
0.0
0.0
0.0
0.0
0.0
0.0
0.0
0.0
0.0
0.0
0.0
0.0
0.0
0.0
0.0
0.0
0.0
0.0
0.0
0.0
0.0
0.0
0.0
0.0
0.0
0.0
0.0
0.0
0.0
0.0
0.0
0.0
0.0
0.0
0.0
0.0
Sphere min: 0.0 avg: 0.0  std: 0.0
Trid
-4722.831748899771
-4723.26611504145
-4723.290385136846
-4723.319501461927
-4723.320575256948
-4723.320590664167
-4723.320599437226
-4723.320606951718
-4723.320613114629
-4723.320617288817
-4723.320619909093
-4723.321272324538
-4723.3212728668
-4723.321292263339
-4723.321292738547
-4723.321293432149
-4723.323730157455
-4723.323730157572
-4723.326512922766
-4723.329928966705
-4723.33025140781
-4723.3319250172935
-4723.331936373492
-4723.331936379662
-4723.331936379662
-4723.331936379662
-4723.331936379662
-4723.331936379662
-4723.33198615443
-4723.331986444071
-4723.331989402068
-4723.331989563303
-4723.331989563652
-4723.331989563769
-4723.331989564234
-4723.331989564234
-4723.331989564234
-4723.331992405234
-4723.331992405932
-4723.331992421532
-4723.332791411434
-4723.333171310369
-4723.333255438833
-4723.3332780790515
-4723.333309705253
-4723.333314851276
-4723.3333148865495
-4723.3333149002865
-4723.333314901567
-4723.333314901567
Trid min: -4723.333314901567 avg: -4723.316647013845  std: 0.07019507368928275
DE Dim = 10 && maxFes = 20'000
DE Dim = 10 && maxFes = 20'000
DE Dim = 10 && maxFes = 20'000
DE Dim = 10 && maxFes = 20'000
DE Dim = 10 && maxFes = 20'000
DE Dim = 10 && maxFes = 20'000
DE Dim = 10 && maxFes = 20'000
DE Dim = 10 && maxFes = 20'000
DE Dim = 10 && maxFes = 20'000
DE Dim = 10 && maxFes = 20'000
DE Dim = 10 && maxFes = 20'000
DE Dim = 10 && maxFes = 20'000
