PSO Dim = 10
Sphere
18883.627600502787
26276.582882068065
20232.135038773908
16745.982896241378
11513.525851171538
12115.849567048179
14674.216345179277
19819.93554738126
14405.170668806046
8163.498707930653
18297.57334672461
11116.805097321976
22896.297403538603
14518.20308647315
8611.859715705807
21405.154000727667
17973.51905055241
11353.060793436422
8451.442390954007
32689.75215489927
7788.91520675497
19478.2238618011
21359.970220580934
6412.85458197829
13748.584596314471
9046.432931844434
15194.882016887881
32731.05965975155
21561.562740388745
12342.402253191758
26276.865880712634
20128.758859613183
8977.228497355218
23230.426945347925
16329.292951811727
12759.103301201532
5846.63198664137
3663.4001238098062
11212.266514993506
14981.449216453202
31798.559359631137
28872.61506829214
17869.476257184324
17065.00913415639
16299.138198803037
4486.05290376081
18087.133711319846
11801.133351633574
17349.12512293336
11924.091163152156
Sphere min: 3663.4001238098062 avg: 16175.336775274758  std: 7008.081015298035
Ackley
20.741454339284658
20.64527603148937
21.458960409116404
20.637673057111265
21.01968676588794
21.294045835782807
21.465986953902647
20.59192243211211
21.28756925816123
21.18606628972631
21.38357256018193
21.261028422894604
21.272366226426644
21.759131171336712
21.30064949909683
21.79075818511048
21.566800018946534
21.38526604957446
20.447784119847626
21.108981794667006
21.530233151412425
21.07184672009893
21.632171301990997
21.180369975942313
20.923982331357635
20.991068130580643
21.02319129848326
21.074759250874028
21.070890144099163
21.06469622046672
20.38050631456015
20.810861740690576
17.599623075888484
21.07654778681288
21.179638713005033
20.977331862964313
21.019353877348998
21.00981644909994
21.443950273277466
21.42734812709399
20.44174714722323
20.986988919542064
21.624915012579876
20.773551798062716
21.18282590280406
21.162991889437773
21.182901336026546
21.135473495836383
21.149472073086248
21.44602700705864
Ackley min: 17.599623075888484 avg: 21.063601214967267  std: 0.5918686374063303
Schwefel26
-326.18140214213724
-293.4486280604717
-346.09484913216295
-501.97737246515635
29.34192333398815
726.4774020227791
562.2710243490143
-73.53549084967824
129.98003338770593
-566.170173699393
-482.9351480612831
5.432908339660571
-16.468001035727113
867.4643735293934
-1049.9220454254835
-12.012627485149835
779.4455054111245
-453.81337289108126
637.2889628418092
216.67741641021232
717.954415296056
432.88886922970306
16.231232667260233
250.40386404201104
129.1968982175934
351.33632756104623
-483.2457227404647
445.0593657883459
-294.0274809347354
-725.1259010215766
375.5418871641437
-1145.2629831081854
63.224442407469795
773.7346821337121
116.63096756753538
-525.1038987129998
-319.9834044994798
191.90852345081214
78.34521991340347
143.64393535538565
-388.8055384369388
821.3521919747527
357.7789554669432
39.78936886737668
-279.7271843204407
6.461489790243547
-519.1819015690087
889.6363519978272
-214.83732972619254
-307.23954572838966
Schwefel26 min: -1145.2629831081854 avg: 16.60797072942345  std: 485.56889998338636
Rosenbrock
1301745.4738222554
3.704574733796855E10
7.745807764239777E10
1.1438654633324835E11
1.7087190659981696E11
2.1847680968287088E11
2.6154035212014435E11
3.127294301266256E11
3.7828971963000305E11
4.347066981741958E11
4.819993920727496E11
5.4121045194894763E11
5.909299831620444E11
6.439599220280629E11
7.056748337257416E11
7.511346950729454E11
7.796983193779951E11
8.361068095192131E11
8.727335738470995E11
9.149574969076235E11
9.600241337845723E11
1.0327195871687703E12
1.0597942884231564E12
1.1192185366118308E12
1.161703563409519E12
1.2090331825455222E12
1.2332592471764685E12
1.2868821576045024E12
1.341338939907832E12
1.371835613945834E12
1.4225883426297373E12
1.466806288606261E12
1.5137714164042905E12
1.5698385566607114E12
1.6130960499213381E12
1.664940388697846E12
1.710381000144943E12
1.7466772028719468E12
1.7911112755427495E12
1.8250987728211377E12
1.886541529494552E12
1.9211689451196785E12
1.9725955406638076E12
2.0115396824159172E12
2.0685988147296443E12
2.1159070367266887E12
2.1590442197513096E12
2.210955861580886E12
2.28160608291591E12
2.33954033793352E12
Rosenbrock min: 1301745.4738222554 avg: 1.1638305732653208E12  std: 6.805030004287991E11
Bukin
130.64683351353221
145.34170948688336
89.24544924229639
191.75181511713225
80.00682405158537
45.55064341163943
157.43817687883768
173.28360433227053
34.73320215421697
151.42146052595072
152.69112086990606
46.085559574332926
109.68258873867731
99.28783698588828
145.3042800219576
163.82843853439934
146.5817595041346
106.71582792086322
138.096755295146
120.24915576833705
134.5157963167558
88.502107587081
98.77280421789888
34.38154193479886
89.63002057454744
144.1730570909886
137.46947475775022
147.86798927639705
149.386510958243
94.79297445395791
211.39885241783279
105.39426121819476
138.58464105828259
150.39866843691271
183.03439532498902
127.9737584278883
197.43686867999168
199.7797043690431
105.48052932263349
177.57568824980808
83.53477281415084
159.66541218921947
90.02929249753709
156.37077955147376
174.5224983985362
124.2569138770382
171.46947962637196
119.49666592464501
30.044160076284992
192.4351766588546
Bukin min: 30.044160076284992 avg: 128.92635676432192  std: 44.7841153030751
CarromTable
-0.016630472054038788
-0.004480003574787748
-0.9982710970923211
-0.02547314955827022
-0.1418986917971821
-0.33826757673569
-2.6697192441320124E-5
-15.916581265694767
-0.18200394732713313
-0.6947461844289493
-1.252951040437722
-0.6971558388211193
-2.508062504714462
-0.0575078914773331
-0.19027596141476227
-0.024713680327141996
-0.086843248862023
-0.20591741092095323
-0.18630816036571204
-0.0016975709281406772
-0.0029274989957827047
-0.18525424700884788
-0.014226028993938357
-0.04264065174590292
-6.877782209444759
-0.6338227837006818
-1.3282836827185536
-0.002723756016353611
-4.944867987905045
-0.0640362111010241
-1.7889820653599445E-4
-0.07075641730904694
-0.0035081099153073513
-0.27497589183104976
-0.005272134395823218
-0.4316044584508715
-0.2660686794594273
-0.021698171435738885
-4.903705768299592E-4
-0.0018009681069329003
-1.4202383812956344E-4
-3.9450745019721234
-0.0020708737306566185
-6.848141342807505
-1.7190161347938312E-4
-0.00901860327705862
-0.6563447983926187
-0.009995186429803678
-3.0592111198701693E-7
-3.3301185241864077
CarromTable min: -15.916581265694767 avg: -1.0700761922642463  std: 2.662648988223647
Easom
0.0
0.0
-0.0
-0.0
4.4360056790093135E-9
0.0
-0.0
-0.0
0.0
-0.0
-0.0
-0.0
0.0
-0.0
-0.0
-0.0
0.0
0.0
0.0
0.0
0.0
0.0
0.0
0.0
-0.0
0.0
-0.0
-0.0
-0.0
-0.0
0.0
-1.3174712166890609E-12
-0.0
0.0
0.0
-0.0
-0.0
0.0
3.4199481385739624E-124
-0.0
-0.0
0.0
-0.0
-0.0
-0.0
0.0
0.0
0.0
0.0
-0.0
Easom min: -1.3174712166890609E-12 avg: 8.869376415585248E-11  std: 6.210445866429648E-10
Trid
19793.541933700904
63321.96600384974
29711.62361370792
30479.701015178733
22354.01025106447
39941.76619173413
20038.1728222386
27921.43890091571
37810.96508049868
18494.19987577645
14831.58965726921
13144.821759364702
50424.26564126735
7771.844214263638
31408.384032340902
32735.04409827686
34161.96200887053
37422.038294622675
46097.57415308317
25047.308154182836
36667.1109191038
22140.850187662934
36363.07556069514
29222.12094671103
24715.166282166207
20427.95250072812
22078.110767173755
29498.8972435216
49898.492505224225
20070.412329125164
47160.05828769692
30458.178086487504
38405.812136794564
19615.703449605367
30333.834034941174
23276.589778261572
16742.126144434143
53823.14597687588
19398.949991405294
50892.2272711723
23785.77023364976
50265.20843467871
29850.141613858556
22805.03949870956
34152.257126144235
57450.41960092464
28016.554564234975
15731.259264985363
58279.7107214382
22569.586339047513
Trid min: 7771.844214263638 avg: 31340.139589993305  std: 12914.848239715095
PSO Dim = 20Sphere
35126.58825094684
19109.51390437032
58459.60812743305
35799.37013385377
42582.68269366047
35079.45065620645
44116.51456398781
41861.6569798376
49684.1037064109
44410.23811244314
44434.0417802199
21114.21373438528
31420.995068691267
31870.487192343735
38556.75205201055
18999.958261436823
32446.545293703562
34035.262134626064
39321.75380470817
39103.698324145545
27953.414059141698
41725.58556955136
25585.919199342432
26815.533715995964
36882.06237637431
46043.160460024184
30706.5970464134
29728.571455118996
52508.775571723585
41429.624368899764
19764.026456940497
25864.313057183874
24063.310015525407
16567.1492984479
35055.35267409079
42421.214737745926
33629.10525339005
20798.484670027523
18503.79843574253
32310.91248301267
15592.584538234676
20491.85854390265
34147.86429074286
33885.109111160906
24298.12314634528
19967.54678257303
25695.210756596134
28347.630539430527
38102.30330449972
27732.003555099574
Sphere min: 15592.584538234676 avg: 32683.011604973985  std: 9847.820054256772
Ackley
21.581988198762424
21.131766332074175
21.32502659141795
20.867354377528482
21.10962241519309
21.221713762636295
21.208687645307382
21.186298062199395
21.555825086662797
21.189502834589373
21.27300667603655
21.22700745531705
21.493711007745986
21.418172154898432
21.28255992820445
21.278274799449704
21.01352250158712
21.330576281133254
21.158679130635104
21.22354569717816
21.003075390856544
21.049579557709098
21.254484555326286
21.489944152796625
21.152835867725504
21.31551938618438
21.472121686837372
21.005377977673028
20.334210484065597
21.222902731471503
20.94717453259422
21.0313324152299
21.249896070827177
21.45874176618704
21.429142585206957
21.08518665292093
21.312485389510094
21.05528383935608
20.926332001656487
21.081825505219886
21.074169635178592
21.087977636684194
20.910822542140156
21.43914894392485
21.171453418644045
21.26203417015682
21.28644178607562
20.929229013901562
21.550248317696504
21.266697989084527
Ackley min: 20.334210484065597 avg: 21.198650338827974  std: 0.21804221069023766
Schwefel26
559.135106771106
-552.1692461670207
631.5146912658479
16.59520587523059
-485.4879567543195
167.9252589132513
345.28599652156606
-3059.3033768852642
727.3316613393262
368.2427443778545
-1476.1868656312397
763.6674500539448
715.6083857707471
877.1725505505588
-297.0574345793136
349.6968677583816
556.9362560597857
1244.0168030674022
788.8222711788742
-513.8036972070424
1072.809319977691
-579.9069877336544
-466.70664137414155
32.46108077317601
1326.2078709669752
-460.7877509721052
-269.18028455494135
504.0877042499718
-863.5167134510618
45.433322546006664
368.99203572399927
-764.607483739986
742.5244093878013
62.63722790196144
775.1601302803772
97.93114332153039
-941.49568773408
-801.0536746447287
249.5456973805633
-1439.8703314136121
82.10479910358715
-191.67215864270668
2028.867572654855
875.2137392831379
-1369.7129139172691
281.4820830425711
-101.47077350532149
-572.6520186744074
-398.57240857945453
-777.4649667022313
Schwefel26 min: -3059.3033768852642 avg: 5.4946002646836  std: 856.7944032434624
Rosenbrock
3148533.7809493514
2.2993610671006232E11
4.60069297134773E11
7.115077676831583E11
9.779947659250999E11
1.2197369263113818E12
1.4268639999475762E12
1.6972571792829058E12
1.8812253789878818E12
2.1477404965361199E12
2.415148051688106E12
2.7275435036509185E12
2.989914690037156E12
3.225505915064938E12
3.442248962286485E12
3.699309147364133E12
3.8951129387920083E12
4.1039532466197534E12
4.3392774612110547E12
4.641129809209499E12
4.890936968964682E12
5.249738192431626E12
5.473883355754975E12
5.798401567830739E12
6.012044292257343E12
6.253917806500902E12
6.469928561311385E12
6.801809049328446E12
7.088619259336999E12
7.342682685411645E12
7.62355661660999E12
7.8825602638638955E12
8.140283067419979E12
8.435356385791306E12
8.691198467868E12
9.000687833943373E12
9.274173409217105E12
9.604571617689363E12
9.828465886041324E12
1.0070045306168543E13
1.034204273697982E13
1.0612532662846096E13
1.0863693124995834E13
1.1138690404457576E13
1.1414834264286236E13
1.175673001476859E13
1.1990504552912379E13
1.2219551113602387E13
1.2471887044986035E13
1.2758046920725771E13
Rosenbrock min: 3148533.7809493514 avg: 6.234657044545582E12  std: 3.7893614016149385E12
Bukin
99.93863688194237
179.11565132746554
88.04438929463313
50.68648728914534
115.93356519483518
206.45835024318808
189.54967269421948
196.9545448716081
85.81120308112561
180.79607402046358
23.163561281228
179.63638915355833
65.89017515661008
124.73731836905885
199.64479881666418
225.25588349999862
69.81961413729682
147.69851611515867
64.17709575611411
158.20922175992462
133.15679628327345
114.66589067292203
160.2454520126348
121.60193257663646
125.87781701636546
133.67375976220217
187.5297152470704
162.9186872345336
138.18734863886675
212.59778098186936
121.4145434144517
208.05633807365905
160.28574906841462
53.86403772333316
133.03956429763798
171.74697222277638
167.70676946892505
73.25025313291222
93.68978398029711
161.59507225218343
131.17436407022035
60.47389375008236
168.74234468687135
64.03383364485114
18.99268506034044
113.66113586062279
119.57215842270226
175.54272250018312
92.99074628259298
155.25493960335555
Bukin min: 18.99268506034044 avg: 131.74128473774056  std: 51.463939894896534
CarromTable
-1.2358597295129838
-3.782647662423146E-4
-0.013694132051064864
-0.004129392027476608
-0.04007914346204621
-0.028336079900354964
-0.1297621343627802
-0.0348409889095524
-0.006847007294549528
-0.07124546401615109
-0.7963967808160081
-2.0978341801122897
-0.011084005890689802
-1.2388239538939934
-2.0322812754677884
-0.626425112894483
-7.315253236736044E-4
-0.7169865455305281
-6.291880681387759
-0.0208543369485347
-0.1462785803052187
-0.001076825899397288
-0.25412886924000944
-0.0036215739425571867
-0.010207433286930946
-0.01635470338279963
-0.001974567305262155
-0.021328569255395106
-0.047677640446624064
-2.4779455126882652
-0.03775202710748524
-0.10564341480273762
-1.5817451461988414
-0.6644104416942801
-0.002659753383211636
-8.604774562311102
-0.014613980058637907
-0.00909072729900108
-0.2121591301924075
-3.789785827984156
-0.8687633329635086
-0.12057632851495251
-0.012000494125409059
-0.013669068624638127
-3.3261280135020197
-0.1490158523512808
-0.030072239034376086
-0.04802597536055143
-0.02921997486853637
-7.902233836561515E-4
CarromTable min: -8.604774562311102 avg: -0.7599992304816441  std: 1.633170006820299
Easom
-0.0
0.0
-0.0
-0.0
-0.0
-0.0
-0.0
0.0
-0.0
-0.0
-0.0
5.439071949077078E-175
0.0
0.0
0.0
0.0
0.0
-0.0
-0.0
0.0
-0.0
0.0
-0.0
0.0
0.0
0.0
-0.0
0.0
-0.0
0.0
-0.0
0.0
-0.0
0.0
0.0
-0.0
-0.0
0.0
0.0
0.0
0.0
0.0
0.0
-0.0
0.0
-0.0
0.0
-0.0
0.0
0.0
Easom min: -0.0 avg: 1.0878143898154156E-176  std: 0.0
Trid
711620.2612822682
778134.1157241507
1755422.571297926
1041133.1733962818
1047324.6551821728
892910.1777066942
1127006.1397452136
1253855.4296541563
1633517.4631507967
995605.1099846117
809002.4280788761
1316800.6380552072
1263235.2599625136
1338092.5115055228
1333669.0783453083
1075111.3688501583
1332056.166409996
953174.0664686027
616012.7872940558
1734986.8725736663
1033498.7674513349
1091867.3880750341
927084.4739462644
1187715.949856125
1248595.0845297289
1002843.4670224851
1435750.7218173654
1269612.3084769752
1626279.1488243416
1285237.0390171285
1075181.0705407758
757035.1874396914
1480800.1403398542
874046.5245065466
1295220.5965574482
801489.5088128241
1277145.5754332263
1016345.7768812286
800780.7882125853
780272.7658093376
1054449.4770411549
1127152.3382357757
1725206.9266661634
1114154.8544594108
786757.8323912963
1287525.7793268717
905295.2007183067
895242.6828254514
712887.2679481563
911573.7057523599
Trid min: 616012.7872940558 avg: 1115914.3724716685  std: 283334.9805336069
PSO Dim = 30Sphere
36635.40417168939
54539.01412351004
47438.90191045309
33435.59582271703
63086.14434502646
46842.18022543958
50439.32086715441
56498.822125709325
58284.18382347294
57952.84497608868
61048.68869483965
36984.86854540337
56934.6162729068
46437.26565340078
64297.00953874806
59424.245928280034
70427.87641094167
37774.005466499606
52667.83062820158
47961.89928631447
68304.63218513137
57681.02452219287
57584.34841489611
29287.961136310238
55649.101614498926
48232.69234089867
58317.30588108
57161.94376886951
64275.09341965988
69391.49233237172
59205.46232031734
48550.236641832205
47254.74041370711
57845.058991495614
46617.53852629959
61882.93641464817
44382.459795487724
54319.45467366238
32467.601022979517
62825.05920974681
55042.72669146335
24827.686970396382
57884.08351878785
39278.31187537513
55293.18566194425
52107.58041818182
52271.242216548446
74440.6845211541
39617.40845564612
36899.25708256246
Sphere min: 24827.686970396382 avg: 52160.180597098835  std: 10975.414493020005
Ackley
21.405624571610126
21.695166408562283
21.524148997322825
20.95523199296492
21.06407044565823
20.944792032457386
21.20830892218223
21.238150208270795
21.386364087784322
21.218541777352392
21.053610171070616
21.39631264608679
21.38665913596546
21.44887921143509
21.320049518929213
21.48761074948953
21.222709423186593
21.301876344676145
21.27347533482377
21.28320454687998
21.16352785767138
21.52295215332977
21.460172888120397
21.524169988998686
21.504944320540243
21.531486359679324
21.02239006949457
21.05718547737433
21.070241042160045
21.0921752513117
21.13932218818029
20.837303327759493
21.293319860540503
21.35176229207608
20.889677371740987
21.309707931654792
21.070835891257207
20.94651085084628
21.197309317699467
21.361558451253533
20.934049874737493
21.27736286172358
21.21051507609477
21.260967631684302
21.036828850364653
21.05271359775394
21.242250325991787
21.253188803019913
21.196327501552677
21.39175865966937
Ackley min: 20.837303327759493 avg: 21.240346052019802  std: 0.19404484642453163
Schwefel26
-866.1377993756347
424.29328059798024
802.0051270082449
685.9800545104704
-500.53346164195466
-1191.5699255368918
-742.0494181446497
-1750.783840405266
-954.3204171326737
2042.080242011139
-299.36213982141396
-405.37996854162446
441.0689716888588
-575.0850142294418
1297.8049885775192
-371.2158794585784
542.3720280803539
-1856.8488669758415
-37.7535450789093
-376.136118844222
102.40667498108857
57.386444636874046
830.7530178905382
1440.2110303414047
31.38221303673697
355.11799739870753
-333.50385438869694
1758.4966867790467
-1929.4184736936368
182.166171846644
1307.5333954723442
-1346.0849393028104
744.0507311198116
-957.4679868988285
-1504.3995335543889
-240.08377240207574
-2134.6932803697064
-1369.870320469455
-528.7668843400359
-1003.5528986587451
791.7663285981832
-1257.9931165747983
505.65160849506
597.7275263343997
1009.7903852654287
207.62613400370998
654.2519560261667
-467.3839329562433
-1291.734738736711
-1948.8720689291342
Schwefel26 min: -2134.6932803697064 avg: -188.5815840352331  std: 1019.952367185524
Rosenbrock
3608038.15138387
6.912285341786558E11
1.1724908897135212E12
1.905260494192615E12
2.752844453415841E12
3.6734721386106504E12
4.577225749006453E12
5.606958717409463E12
6.539611780968E12
7.394176937495154E12
8.441535249895037E12
9.206190902293258E12
9.874543072103395E12
1.0828522208536766E13
1.1648901146686367E13
1.2404192836125018E13
1.3108538282332844E13
1.3980089035233121E13
1.4688870274793246E13
1.5403819549382295E13
1.5927394987525342E13
1.6543155824260146E13
1.7392842557011229E13
1.7822119523252715E13
1.856025187187095E13
1.912830848673354E13
1.9757521287892035E13
2.0539933715471844E13
2.1450194936303566E13
2.2266731017128695E13
2.2808942478799965E13
2.3462099897710938E13
2.4290856326572273E13
2.4945654152230344E13
2.544185954328896E13
2.6280619065585816E13
2.6896010798985777E13
2.7293866488120918E13
2.7916531574720395E13
2.8549039096025887E13
2.9167978744977656E13
2.97716978350466E13
3.0406668142250797E13
3.097832707991352E13
3.173295508163013E13
3.2435494626360984E13
3.2838520230562824E13
3.338652314144415E13
3.3960763378260062E13
3.470401042428097E13
Rosenbrock min: 3608038.15138387 avg: 1.8411106963492574E13  std: 1.0246456676017121E13
Bukin
119.5763486071486
156.84397496345034
77.20669046948272
180.79858700632542
145.56161115965543
74.30604365039501
163.83218292880164
145.08663934453094
98.63964399021192
178.04331286968838
143.18223011316707
170.52641195806112
161.89598535544047
38.28852358910438
173.62439492451912
98.32826725343791
53.388156118859776
98.93425362373311
42.363154190804096
135.18857888869343
218.31126296329964
47.49489824692685
190.7730651261064
121.19658120323713
81.26889193640305
132.26402654930456
219.3351651263758
81.91616937565968
133.3707679796808
81.31986422152761
142.7317980884717
123.26929876034947
129.8003869973085
144.72526624801648
223.66530337803138
78.62438014454933
122.93082890572379
210.33244337514535
25.622709777589368
28.694584386626552
91.60886213376013
170.36110152335002
142.87409720138734
131.56656972999554
34.93920306681377
27.699811366004923
129.72391397417493
138.52046874896251
98.97613623785885
154.05326880028446
Bukin min: 25.622709777589368 avg: 122.27172233156871  std: 52.38809247609158
CarromTable
-0.038539287806808015
-0.01287476618383032
-1.7317895399838361
-0.07695744244717884
-7.12885444000594E-4
-0.03879857972309281
-0.0014642349205740955
-0.04308282519376063
-0.012248661539940161
-0.2463047670637693
-4.3316352196850193E-7
-0.4404309034391776
-0.02182943063948993
-1.6047320984801174
-0.03443972140777293
-0.039821595404883676
-0.01241966549238301
-0.1136214925115875
-0.005695332763664764
-0.002608345463954211
-0.03571877367291032
-0.003656657759512462
-0.0722357568972163
-0.013371648802764516
-0.1417638147850188
-0.012563750438712171
-0.30096442641544696
-0.028345547107899997
-0.0029632129854425767
-0.5775158534293937
-0.01612085713317267
-0.046821867630856405
-0.2503308925025897
-0.05185301331058728
-2.4661601413674044
-0.0011746081414730715
-0.06763843662912171
-2.7519788277809543
-0.01843321501917676
-1.9815135835588202
-0.08035212505530534
-0.03408003472603186
-2.1648058969103006
-6.773273066880068E-4
-6.097626597188644
-0.04829404244876557
-0.027907483813824286
-0.5395546028103073
-0.014565931154136388
-0.11271058682880433
CarromTable min: -6.097626597188644 avg: -0.44880143045369253  std: 1.0589968564352985
Easom
0.0
-0.0
0.0
0.0
0.0
0.0
-0.0
-0.0
0.0
-0.0
-0.0
-0.0
-0.0
-0.0
-0.0
-0.0
0.0
-3.610524221446245E-95
-0.0
0.0
0.0
-0.0
3.388791101876919E-126
-0.0
-0.0
-8.21844938509185E-278
0.0
-0.0
-0.0
0.0
0.0
0.0
-0.0
0.0
-0.0
0.0
0.0
0.0
-0.0
-0.0
-0.0
-0.0
-0.0
0.0
-0.0
0.0
0.0
0.0
0.0
-0.0
Easom min: -3.610524221446245E-95 avg: -7.221048442892489E-97  std: 5.054733910024749E-96
Trid
7902995.420629206
1.2537803584043052E7
9368009.643250473
6095435.683981161
1.2160639970786326E7
6680805.050321301
7301531.181399649
7290062.293342046
9480039.739795037
6999602.623240372
6609311.766193948
9538349.808036048
9332852.069034211
8797170.267881261
8014840.990353588
7972422.791780929
3991389.9490748965
8842119.72005051
9718280.659133716
7620615.905254311
9046306.089665933
7393322.527663022
8775480.868102489
6729434.100084122
7477609.199695802
9795840.753961088
7754615.8814551765
6904460.586896507
9263202.29672464
9889785.024205148
7876599.540791324
1.1275302414335825E7
7597408.16013765
9592979.433137054
5525517.413890912
7546313.366086025
6456823.637011214
8225872.990242657
9304536.21668059
6509094.153253153
9705833.5411642
1.1638448516705992E7
7545288.611486448
5733901.04135919
1.0005773419260386E7
9355334.211598026
7545480.605670772
7052859.005664417
8155214.993022022
1.2585226487486051E7
Trid min: 3991389.9490748965 avg: 8370362.884100396  std: 1779316.6717145124
